77
27 36 35 2 5 3 6 7 4 56 3 56 33 5 7 4 7 4 5 4 7 3 5 5 7 3 7 4 6 4 7 4 5 76 4 6 4 6 35 64 3 54 
354 345 5 3 4 576 87 4 6 7 4 64 465 35 4 6 2 8 4 5 3 5 7 4 5 3 0 6 4 3 7 4 5 3 47 

45  3 3 5 6 7 3 4 5 6 7 9 7 5 4 4 6 7 5 3 5 
34 56 8 4 4 3 5 6 7 45 67 35 67 45 6 7 34 56 6 
45 56 5 75 45 67 5 6 565 6 45 7 5 6 4 75 7 5 76 45 56 5 4 67 565 565 4 56 45 7 5 7 4 6        
4 54 435

27 3 6 12 17 17 9 15 17 8 10 18 21 20 16 19 24 
26 11 6 11 6 5 5 4 6 3 8 6 4 7 4 5 67 13 6 4 6 
35 6 48 67 5 150 95 137 14 18 950 9 6 7 4 6 8 164 11 10 79 53 60 10 7 72 128 4 4 4 0 6 4 3 4 7 4 4 47